$ANSIBLE_VAULT;1.1;AES256
32353461393163386663336233633463623066313031343264616264363734366463356639666339
3264633132643735663964323166366138643362376538320a306237383334633038393338626662
61303937333564383864636564383736656162396636376136383836396133623031343634306635
3433643536353533610a653931636338633138613132653533613935336639623261333633393363
63366631386332346236336434303932316139303437353836663938373562393435336264326137
37353461616266613336616633323331396637656338316565356539393366353935656663663734
62336265326133326533356139333635643665316163336632383463313930303638306164333330
32623666633139623339623866313239306339633164663133323834363266643963393137663165
66313335613130666437356662653261363734376532333666323831303763613734633066373264
35376532353535363139653532323031336665383233303261633561316130633066303834336338
31323633356637353639363663313935666233313730666162346436353731323437366164396461
66336331633532366265316261626638643338346564316266303937623539643733356230386665
36366263393532353232333163383532323535336430666439616439636135656432386536323862
38346233323362343337633636393638373362633533303532663535323133336239623466356662
62316563306464613838323738393761303635326433363936623166656136663066313733636637
37373036613735343334666135333039383962323861626161656366643162343536653065376635
66623866313161623630376338363338623164323235313132333363316333626239353730393636
35623561383063666636633563393034653634343430393463373566646166653132323933653534
38333738643136353831303761343233383234656266343634356232346631306165633033343734
61666438636462373737313132666536356332336462613436376636363731393164643832323263
64633166343761303461666238633462333037396136363062313365613564363263656231346137
38666239303133313239303261626164336235303961346666626665373338306530616362366537
30616433383238383734383437666133646336656331336362383265633363306538386232393339
37333462633137383539313466653364663865316438616235343236626562343238613836653830
63636639336635666535353030323735633930363430393536646134306231626439336563376561
63636437346136323432363161353036366436373733306130613030313164343835363634393732
346439336335616165643338643339663433
