$ANSIBLE_VAULT;1.1;AES256
30643562626538356536306266376133346130313438616234373838336130353661613765343664
6663616637643236646232653565376466643561663933320a376233633936376333663232333234
37636261386437613830313235346263373163363839333430626532303939363563643263616336
3962653264656133350a316161356431643434366235346133373030303931326663633134303032
32353566623963383936623131366236633761633532363666663961306232376466396338383961
63356237666230306430306562333534663462653234363136646530393735393964636463613132
34343332353239626362653462393434633731303665626230353233616531323636396163386534
34666365623665316238366130333336656535313463656437396439653166343361613562363735
32663864653635613961356632316435323665373162393731323832363936333861363830356338
65343634393137663632303962366232613462383539383861363430343338333361363134376161
37316564623166316338656132393663333965393131653835623165336532643162653836626463
63646664666361613436393132613436616633343563663031356635343134343563366261313634
39633433396465336237366231616362323563643263396636666538633539666331663635333432
36353364656439613664653236376661396132656631663137643164616639383338386463663935
39343834363338363661303965333464356532356534333230313735343263366439303238313738
33306534646630616531343439346331303431623731346438306661656233663733323737656264
36393432343033333039313533316633396162326635623466346464633835346563396366643735
64343863623461346637356633633738376232333265616537383366303431636632356238623234
32663134646236323733353133653233313663363332303838326232313935333330356531333530
64303734313333343035383962633533623565653635626163393166623439626362363365643331
64626361663834396161616530663530623361343564303963343935303136303562306336633565
34343637373135383838396561326631396663623337396465316266323863386566623137636264
31326630616632613737393032386262376437383666356532636461343434383433653761313432
63343736333939356333336439336439356532613462643636643361346539333364353066376537
37343938343036663534373438626135343138653435633661333632353233616235333163623034
66386532356637646461343866373836303536626234393663613962343835373538356434383432
66396138303536353964643362653032636264653030306435363932623038383465393734393532
63313466353435646663353037343230333161643934643930373662366531356638303161383532
39383239336531353238643034333266326532353333373666636661366139316264
