$ANSIBLE_VAULT;1.1;AES256
36356133653236316464663961663932646430373837643034336161313962613236623238343136
3135653766306233343666303038313432376335616130390a316431373336303836653362323166
31363063346630363236663138303164303533333235323431343632356162643765386537356539
6164656561326436390a623062633434346431363136363738346261343661366336333663643066
37303036613462353165393137356566633565366532356463643465616164336432653663323535
65643338353064326537633133626332646366613935373463363931386431313032383132396261
64313162346138666235376464656564393730643437623465613666316161356336613063613964
36333564643066353435363965336539633365393334613463663038383237393335383761343439
63646132333032343564353866346335313330383966366433613732653262663437643730663662
34363338303935616131633862363137613431346133666562316665623435623865343331636539
30373566313732313865646431386662333336633535333063663839383836316337633461363863
66623632346663343239316338666137303562653831646633613466306333383237373763313234
31646264373261626266343164316430353734396231313032373765663231353264333464666366
66363232366435393532333236393530343632616636373731613236633533323737316431393939
65373339636435336535323134313761663866656465666465333134613034313861623838323530
65646133383363373233366131626531353834333435653233353465633737346637663737643962
36316165653135376436393163353162326531643833323738323032653237316334363936343639
36366339306365366232386364616461643863353762626663636234636233356266383362326166
39643635333933653161626566353834623061333437643130363530396463613631353933643665
32333861383038363836646230303563666439396438383131376131323531643738663738666565
35303332353736313636646532353164373030323631396336633638653436613066636233333963
39316365303034623433383238363431383831383036383238633836323236393935636534646161
32393239373335643938313139376436343766656161383934616366306566623466316533653665
62373830353832336232613164613330653532393032626435323339383765633838396662633037
37326166636362623064646566633630653064656436663233383661616264323338386330663132
35373434313765303137373361396363663134653831623532326265386430336337336536653134
33336230323562306438303866376130323866353564333630633937643035616435316337333030
66366664396133623932613135646563353835363631313735653966383464636131663039306161
62393762356665363138316638326536326430386361346335383630333862393531316137613935
65646330326137653133343465616133373664383234323437636538626261356261366630396638
66393863643538653664313938303335386133643661633835353338643430336163313161356134
32326334383663636464346362303966626237663838306632626230393764363630316533653731
39316438343665356337323038653061616661326439323263636136663561663234343234396464
36303634313565396462316137626435366236326538386239653333636431336435353263643836
38353531303462343766643365623831303865333962303966653831663361313762323666326539
38613663313763393465346466616364376130636263626164323534366334386337393934623063
34373830646261393831386639633430333135336635353839663161343062633938626436376431
6363396263383564613336386631373961376661613766363265
