$ANSIBLE_VAULT;1.1;AES256
33363431643638663033633030633463343234663263363035653237383837633865613065616565
3362336434363864323035666435306133323535353635360a323130316164336261363139336436
34613062313234616637636563616563353766653763623539386338636164323937656135623332
3832373562363564350a656538666565346534643764306533323836623964333235343462623164
35343336613036663230393863626535393737663739333730653035383361646638323538343264
39656339326563303930623332663936383432643335373261623330386633333765343033373563
35303934396331383236363332313239303533353937623862356531633564383132623962326133
64303439343134663934636335363761613262336634356338363034306263363136366261386234
39626238363434366439353436623465383032343862336635636332613562393638623736313032
65306337383965326237313430323864323236373636383561653039356664313237316664366364
37623231353638623566393131646563313831646661643235343961613732633562363739313063
37643965376230633134313461666132346364386565303263333133646430623437343364353264
63623438656235636463386661353162636665396637613338383939356531336663363034323663
62393063373339616336383962376235303764376265646465626134663164376134623532636465
33303964623132376239353030313761343565333264306461616539663339363063363035323861
33333130356366353064396637396466316239653333306130626462616338616332663536323330
30373338616533623165323737373930323666313436636365363865393162663063306631623435
35363033376334323238353262636634323766303835306265333734333364613663383461663861
35343633666265353030636232313266323835393835653765623134376565396430363361386138
36646362363265346363616564633436623537663236316231363433353936383238363638303238
64623032653963623164623434303937306465306632623236633662316630613231653266393331
36616437353132316562336435363631623537623562363064616130663033313737353165303939
32353535353064376361613933376632346633656333636361666530643466613865383630623461
33643834316238636533343565316539623034333631313164346539363438626536636364623134
30393736336563303935306162653761663436643939356361316365643233623237363337333032
30363132326164663335643039323837306332303435666538626666336462636431323565356463
36646266363036663365313437323339356231646365656437343161353664333966653239383231
65356662646136656466396265396161376362396339643162383330623430313733393637343638
32643437356538383434616432316433663731663863363934306361626431633539623232656639
37346638323734306165373935633635663837636230656536633135623139386338343738663033
61613631323431376166323236373838656137656166383535303130633430396562386235316166
39656262646631353035643631376134653536313930326566363635623461336135666562653564
66353131386630633232313665626233643133653461353965336435326161313634643538336261
30313561653538623561336536323965303730356333386439643361653933376464396366616662
37303366326534356636623636356232663932343639313762633536353234646536383638353530
61636135636637626264633561366431303238323164303336616533346633616135613061316234
38343738316533363463353562393131623434353762386566653032613633393061643335373734
6631656430343037306561323363333366396330633366626439
