$ANSIBLE_VAULT;1.1;AES256
34306164313634666639393536313435306464623562376261626166306562373334636265636335
6566633835643036613332646132306364663230323964380a373134663230666630343239633365
63316563323563383037353237653035323865373966363362366236666562616235333465366336
3563353735396632650a663139306239643638666565633866306535396466343336343339616364
35666563626438366139636165396633393161343734613937333339363830613939386632333561
39396334326238333839373066623765363164333566376432616536366333376637613232383365
64376566666235666362333331656332393934396662353763663264663765666139646331636266
36653133646132306437336137663765623330653230396233623139626364316165393030366434
31376535316263626133646664333833323364343133623939383163313639313365326138656632
39386239303538316539353535333530643531653232613835343236616239363262383639333563
32613832353833616461356632613666626235663637356564323335656135303533333930613366
39333065396139656131343761336236333035306130643865333936303765333266373636373838
64623763353464383639303731346366636565336366343066333232663562633436633365613833
33313031396566663733346631623533613661303232336636323233623738393832383839316238
64373635633834356266613337393566396432653832636166613338376263633833353637366533
65393231336336386662353065663064376631653433643366306130383239353764616532663431
39623734666530353262663137393463383631373034383839393166336536306361396463636430
65386237343266356461316136333763323362353337383538656332306534653266376661316235
34653162373037613064633238643735643165353431313037323632393832633965363739303162
37393739313539636264346434316337363034626531623863333561363966373735353535663533
33633433346364333034393437393738356463376338383634323966396532363366346361386161
63343631313038613534626261613038383232303863353434306465613966326361363066353032
31643232343966393636393066333762633432613562643036656236313333396536323234333932
37316237303933616461373836333332653038656364303739656438343665396165663139393861
37386236393135313739353265333435313937333638663566653366353736313939326164383966
63336337633930376464333461653130623737396361656235363137316533366562656166323066
64373635613039643462653836316639643464356366626366323034666265353638353463643863
37356532396236363362313330373762323163663638326361633132656538303661373564313164
37326532653266633430396338333938383362393837666632313962366239356665613031393664
63653062366262376439313636353465616235623832333033333862333164373331386561656564
34636438613031383735633335393533643139356661386435623732653961356535333231383966
31646135306463323964383564313261373337643531666162366661616333623736653361316335
30306462643564613666643533316463386430306562343230366636353830356432316232383835
36373364613333383565336665343663373437616535386133363733333838343466333162313965
65393033623162626230336561353738333537323164363661383033323936626632613535336463
32653435333364346265303436353764383964393362616365353135313165663731323832373365
64356365303935316339643330616636336530396530333937363130306666343031636238386130
3365653339356132613932623134653032623665626237343738
