$ANSIBLE_VAULT;1.1;AES256
39316138613233313164396564633464353038616334623364656331383861313865366232333830
6563386561633766323531616365353830373063383666360a333836626564393631303531396564
34633864636437373163313830613538376562366665373762343339343435386266633834343133
3434303263373730330a376533333333626332646364343431383662633939343461313061373036
36623630323436303364663265356138663765613937326262653432373530353836356132353437
37376438346132333165616336623032626263666639313161363836326563306233313835643038
61333035613738623534323863363866346631653436326166326639633234393535393833383536
36306466346638633561366139613962353336386464303361623537393030386233316165343130
35363430643131303630616230633564643636313365623939623539336430353337323465616538
65653538323035353130653233363039656230316264636565306234373262383132663736306131
35633030333363313062386663363863323562363435633135636663643834656332373233643365
63326630323832616361613836383030636664353835633036376435303430366661633236353463
61333262383161323666313636643663663963666238373136306631396234633539323162636566
35663362353861373834376437373663343366643234656633653762326634646263353133363933
39353936666562333734633136366635316135343039663661396239303134623365396163376464
34336335666661383136663033663537656464626537333231656334316334373039343936656235
38313761623235303464363635363833653336366137373232303836663365353366346462396234
63336661636636633432336139376137343834343463323362333833623164643339626632643161
38303031366433393663376533666362323865616363323734656336316365643533643038343138
31656231636334333133356638366438663163666530646232313333346461356538326332323464
39313530336262306361373733623831343438666430643632626264646335353737653762663638
37313564373166663636333633616465613235393963326530343363313166303737353766316364
37303031633430366137323839636137383934653836636266656630363665653163363433633636
66316266343533646431363565643538626662363531333765326664636130363335616464613237
64633133393764663531663665366636363531326338623538653639303033613734323738646630
66626133363936666635663031656232353466323737663164366435646436613832643438303639
32353265336463353337373264633364663066643362353566393463663033626337326366353235
65366336383231666261646432366365646439653938343534353365313461613062333261653936
63366138313431383635376332323831303436306337373865356433613231663063
