$ANSIBLE_VAULT;1.1;AES256
64396661303234643864303033623037396637353537386165646662623665363334363366346461
3731613631386665336335613661616537656164326330350a623139303133353937323037623833
38343739383136383738373332356665666233613133373434386135613137613436646535306533
6336623031623234630a383430363234313333306632666436643534623530356234666261323130
31363762653034343331323333616637393834333463356665303066626566333235323861636438
38356334313931383235323736303530643565633031663931616331646435323762313533616364
66343636346535643538666262636535313231613066333466613737626363613139646635393139
61613863383263393664343139383461626535303935366139373133343961356261373237386332
64613662353137306666633832313939363766353663343432323066653836613330653963373331
34383739383735393463666461666437386134326333346333643837646166383662383234376231
33656238616636626262373939653362393164376635343433363237323536336666643464376331
63383361633734663030646434333136366365383835363734313961353632386533386231353661
66306162616161343361373033303261313031383030323266333565656665313638643737363865
32663833613139303333343937313366663262326136323163366535356464323335323066386633
35343364393430623030306537363266353332386635333138356138633835636233343061363833
30376639356465366164343364306530656637386433363865633137636362326435393861326334
64653731313637366362613330346365323261333333623936393966636434363465653138373965
62356663313362613035666461643261626465326139356564383235376661323530306138323433
38386136643735373735323861353661333763353261316362636636653464653137623430353330
30653363346538633766333163633533616366396262633832363832356437633566623232363233
36343666346364613666396434626230336338626430643639393438363638376135383030616134
66323561313738363962346238363763393964643039363332313331613335346264376539616233
34663665633166323533366338393333333436653366326137616533333137663564346564663166
36666364376662323132633362313938646461393636616136643731646130623966313739376433
35653462656338616536383338656530306331356537616432656330663262616334326330643938
38396161346139313431616462313366326438386634643261663238353730346465373665616132
37613666623465343634326433616535343862613435333833336161613065383165366366643339
36633566316236396330313539653664303039373565303230653732626532356335373433376134
61333639363565316465626664326561383061646163303533393734393839363234
