$ANSIBLE_VAULT;1.1;AES256
32646462616163623061303866376130346332373764653134336663336537663738323630333662
6264386131663039386465353464396162626266343334390a613739653432346333383462636630
61333466613536656139636665643537336466663265653264353964623861393936636638376663
3436346339353535320a323666613266616631396330383439653138393762383738613761316130
39343933313563373631306539653032343335663130383965346132336439303261393330323637
65626264343334656461626265353461376232623837313538656461663863393663333130363861
36353433376235393736393337613961303431623432656466623233316234313966366337363761
35333137323535353665653465633164383134323835333962643662363363646566363135303332
65353335663161376434376132343735313466326234326463343139313762373436366330393664
31313338623637346433373435356132623830393862656666313364356238306132316233643138
62363839313133616433363664656462393732316238353366383638626635353634663936326436
38393637636330316534393534306337376365666262313539333162323164636638396335343732
61306338663134623436346462376564366463313863613962653363323137316333343634636436
66656262326661646561613237643665336665613961623130626266346264633864323830383636
63353738643437353365666534393639343635616338666634343234376134303564316464336431
37396333373732306630303138373538643837636335323464346631353332623133376335393330
30346538623361653531616565333733613264336637336239626166653334396532643530373737
34333662623639626635323030376630366564616263323661653633633031323934633163356530
63313430363566363939353032303431333234343031393239303036306434613462663365343332
65653336316632636566376238316630636166663263313434396334376131373064613064396132
30353938653736313734373564373835393738366662643663626436393337343761386132333633
66646261663339623439626234366463306239666635623061643930353436613466383636303562
39356464336135376166393165346538326432633939313433343265326330663039663164353764
33316439363863386130636164613336356539393564653063616330656239636139373463343437
33643562613464643736303633653135396231653136396362313333646131323864363736333831
32666364356339393064623766353930356561326261623932616564396235366139623063633264
653530333565363366376230663365653130
