$ANSIBLE_VAULT;1.1;AES256
38323832643730653237636539356266356565313563336439303866343733633232663132386637
3862343131616164323766346565326363313434366162360a623738356332333332306364363732
33353432353030313831353366386330306536633833666163666235313535393238316330306265
6166353639393166660a396265346533393138326330386662353562613939643235343339643537
32643138393039323536636330393564306235396637326230383463393033333632336330316431
33393131633639646566303661643738326365663263366337646234623061613235303365333534
31623964363539646164653261346266313232333866623462633961353638613133343434643466
64343838343963376364666539356131363334626536306437616339663363353666633263356263
66356139336662343833393632636663343138393939653662323331336439336236626364646332
64326331366538373431613033616530633935343561643836343965633861383266616133643366
33623937316436326165383632336533616238346634386137656431666537383663633939326233
35353138303964303938356365353863643735663336313430326235373937633136383536303162
66393334393036303536656530636134353539336233623134616233613937363130356664396633
31303139383339653032353366303236343431623365343363353266343833623166616636333032
38636662343633343462666138363839623035613763646137376331616239666134383430663764
65343134616636333137643266633364323466363038613063663433353631663034306637323937
36643165353035366566343132633231336161373466376165663338623434303864356664616230
38653536636636663532313032313363303565636335646339336366636339653832336461346633
30393835323664616263303433316565313431363338343636336639353662656563643238663132
34626139623063366538333030346339623666346464346135343935613266396635663262623730
66353035643835303036396537353665663735373039663136346364336166643034643562653133
62643032303261633461313065663430633839663261366333636430353461383332303061626439
37323331386465313538323635323666383865343534663634666138663562303565356462616230
65323732363463613933396437376165353435663235346166363566633961633863643035376532
36626661346335326133396662323333666265313566643936386631373430626235313035376462
37653039306465326133366565383866613336363764326435366361353961623030346161616139
34363664343166633635366662343633316434353531393362613239333666343736383835333165
65333932616532383334343466396332373838613965643536313365366362333565356439393531
66623362616635316337333136663763616163323935383135306666373339663838
