$ANSIBLE_VAULT;1.1;AES256
34386362323832313766663434323632383164633065333731363037303239623933613231326332
3966336235333331633162316464303432353966616565340a383737623731646133626230626335
36666664613132326464343632333336633566646365323565623832363536343039623861363262
3964303062316330350a653731326263336633616637626535343938316430306237396633643735
34383263376163393534346462366437383636386430356533383138336537633864383437333432
61313539336463353437663165623562643161306162303166633461643038383837613731663532
38663834396533306164313261316230646438643765393433323332386364373761636532376239
36383466333638346238653733393261616235613763613636363661363161653261303739326435
33656631323335633630323366333734336433316431303531643232306234373562316537346334
30326632333939643433353065376635356439343839353131333261643361306636376239373534
63313364396432636462663363323039663935623235643363333162663166313637396634346562
34383237346333646264306264356236313666303631383432366461613034373630643938656364
38343162306361366634663262636635336134653435393332663139383865396430643632653765
30646435393964336134613536633264613763346638653333633063633761646535383934333366
38366562373835316432636333626565303530336537333131666165613861353463396434323331
33323564326638356263363863643836303330653134313830386135336338303533383265383839
39303730626431636535396331363335373863343562396364356231366437336335346134353962
65333632623934316533643730363061333332386561356435353264613639353161353637333866
39643563303931373338656131656663653762363430366131316236333637613839306236386636
64333437613663323531626139346132353037623531383031616564363566646465646233356531
38313264356232376338313930633664373131303131323432633562376236623035636435336433
39616136356562323031633333316661346638376563336666626337613833313764633931306435
39383236326637646337663731343538353632646533386361353637373032643933343639623461
65343964636239346537613934633463653430623833616639616330646665393234336164663830
37313562633336313963643832353366646565346134353764353539633364306136636635613862
37653237663265646439623561363938653333363363626435656665313964393234323331613531
65653363386336333665333163356437393936383331333633633061653464613366306531383431
33666564636564653037666531653833363135333965373138656562386337656332343136343933
63386565303336616462376562666263323533313962313436646530303364383163
