$ANSIBLE_VAULT;1.1;AES256
36636137373161393138653831653564303639636663613162643533313434356231623135633331
3564613334653764333866373535306266393337303234320a386366343432323832343161636366
63666134626334386634656534616331383634333164326538306532336361346338343663343833
6433386534643463300a623532656466393464363131353439656634636635373632323662653361
66383363653830326461356266363835643561626165343164376466616165613665363033613739
64626331386235333135386338376364626235646661303866373936373832303234373334356561
65376639353639343665316164663463616430636561356264663933333233376464396532666532
66366365343239323035333730373832366161363238346265333864643161643663623835623932
31313961353634386265303137653461303033316633373161336332353639353938656238383662
35303061393639613561623837386630633231383736326261343234393830333563306266356165
35636166653466646661633730383762353334376264633833343339326536626162356230613934
36373133396130313565353236323438383331343836373362343266386437623333656338653936
37656434353533353266623166663261373166323862636261653265386332393061333438346438
33623263643761353162313332393532303061333166326333613964396366616334626564393566
32653932363135623064623838313031303538613361656232663339346139346366356339616637
32333434393563643233326434336139353134346463343963396565376463663539636263376539
61663364356332326563373165366666383539626663303938646333663438313939373164333562
39396335623738333666643937326365373866303130306233636339623836663266336532393362
31613639613664303334353661656334636335383537623734373232613564303538373661333664
37646265323661623238383439643062396332326338383465326163363239616631376265366261
32653661636630633431386665656364613539633536366636303864613037333434343133323561
34303032616363353039356462353930326630356163616262613632303336666663626334356531
63646461376463386333633337613164373938616539643137373663333531306365353765656165
66613938633433386632333337336633623463646366646635636665356262613430396362323034
35333263306531313164346464366630613665313339383463383130333364346363373465613836
37363839643262316139623961333861323832386533366138366639353039333361303765386565
34323336313130393437633866643662626634653264633263376639313562343964666534636634
38646663346338623437376339336164363132386436613537616462373331306661643463663564
66336565386638386664656263396664336436326164356565336166666164356661
