$ANSIBLE_VAULT;1.1;AES256
62646466326535623166316534613032343361323130636163666438346461383938313737303064
3233653066646465646230363433343633663632653034660a366336303935653566656365353262
32363762626232306632663933343562306364333231653265623961323731623432383034323435
3463343435343633620a613166376566353163303961376663653163626436323936356232376636
30393533323136383466373864353363633763316335643266336632613464373735643437643963
31386430636462626365393964383334313261353861623733613238376366666365373031303935
34376131303761376465373466633364626631376232353461313165663532616661653365386661
65633866396462393239666462646532306666636536303566616533393932313961313539316461
37366537366134343435366464313737323136316138346230363166633430653539343138333461
36646630663533363463333263373033316132323131396335663466333939383730656237366634
61306165656664316637363334613363616434656634386635633538323662316230383762346432
31386164616532363835366461396261633733343166393739356330633564373562623432616661
35373434616635363539383836633338346332613464386539323338373834633233343866376136
63643039306664366465333835353434613631653233383330393337363065336464343136626438
33346362633563613633653433633532653030393238313739356264363666656534363132303631
63663663363864356262633066613661653738376163386366373234636536656362346633616437
31313932386631646165396232373361363034333233323435666533653736333234393833653838
61373061616363643739306331626130623138386232393765373438623866313330323336323063
38313839393234653933353631356333383738343233656539346433306332666639323965623064
31666665316661623464333235393331343339383331346461666236356330363563396664326133
31303461316666313231363965663734643839386236393564316436333535643333393733363534
37643130653365363936613031386530643432386331613930343738616132323236313239383035
62323637643764313532653065633134393333653331613161646130343938313462386365646235
61373931343039333166336234316634303635386565366237333964633738346337643234353665
31613039316334306434303135366130653834323937393934613162353961303965353832303238
39366665656435396364616366363936626462383139326265623833653830303339346265393464
613735313566353434643838306239653035
