$ANSIBLE_VAULT;1.1;AES256
39633236326335373765313866353437353238323362623865383132336538643733353864306539
3864323135353061306461303633366632343361326133300a303362346636663038316631313663
37336635646431373137303631643738663035303735396663313865663163663431663135666632
3934323265313938380a336133366661653762613266663164653638366334346663383365373134
65643164333435656164363864313833343564346137636261383733346536373736333135323631
61333965363035306237653332386264303035626333373961323031623930643863313830666364
31346339383764323462326634363630373263383530353464323833633761393064356433656632
62393666303438613466313738316265336365346461383762666230633435626531313964383865
36643564666336303663653334636361666134346337653135376136623832306139383664636232
32636565313430373638306438346336636436323336613337373961653164353931633832653437
31373161363066663433393362343538633139343466393035646332336436303530356265663862
35333130663030303932663962326662396233333130383963303135616430383463393437373562
37353564623863653565393937366566366632386233366432306138333666623832643233653134
34356537643537633134636139313631313736363632653239626561323236646531343266353134
39663735393636653663393738303338343232613137613262333061323438346334373261663035
33333565373361633539353232316363636633633865663932626164666466316538663333616235
66383234323564363663633430626665313931363731623361373132323631613563643830653230
38363331363932623966623164363434356161373037363661326562393563313632306261396335
39363036396265376463363963643066333962396565386533376663613763333332653135386566
61353335646638393063373530383639353362663430623063353666326566373433616238623666
61343236646239656133303331326265653466393034393834376335316332306435656563313161
63303636666338613361386331653439326363646532396231343536363833333633313939386264
63386630643834323165356463376232633161323338303832396434323033633930363564303732
39346232333736613239373763353266623264313731303865323537646136373133306462333835
31643062613166353663646239363735326430663531626439663833303731383936306434346661
61636631366436343062353035303132323963333835636564363665623237306433633030666534
36306666366330653164313939303139393263356364333837626531393963633233336164613262
62373737363330313561636135373932663036643139346562303036373661336366633836333335
34643663396666616361643463323538656532373735353539613239316362373361636434343639
34323064633265353765386362626566633539633963303561633638316462313864643365393933
36366339336564323966346364623233323739303463396538623662373831373533623536383961
31633936363061363762626230663235346664313234643435386231363535386236333962353138
31623439656163333333383136646363306333346665353262663232613164343436643863356236
30303132313439613166663434363862386439303966353732623163306230313338316239346361
31366234346666343631666437633033356139343030343433643033366164633432643661373164
65646230366366373038323730636661303933363739633562643330636438313734376637663233
37633636376561633335656636663561376232356433396164653265643935656633366662633639
34643961383133653931363332643634646463653966663430336637383866653436386434303661
36306332663133656130366534386164343132653965653365353966663132636432386465306532
65316535316132363564366665653866383536333935306636313661613330633635386166396235
33386533393861373965663562663634666531633431363439373664326336363137363461326231
61376237373966303864396265623766393162303063643364633561303633653064633634323936
33363031333261376261663735633133373732376330376338663565346439656534613465643636
30633062623530373630313537333538316265363439386563613062393762333037316663333837
62336131323239633039386133323534646162383431646534323833643062363061616163376330
37643430343734623662346334663435666330333763626266666231333166656132376235313539
31616431303061623861373163353133613462663834396433626464333632336164643765386633
63633763313437663439306335663364656632663763366136363735376434383262353062356264
63313833373032313339666666316433643936386461363862373833353835613532653162363862
33323831353532653636613935633334346332636336346162383935373131376435336433633338
30643532363132636462333436626266346133393632303535343438373464326333626330623238
30303337663230613564646535336531636534343430333639633238653762616239373433633237
37373062613833616165656165653239343732626633326164323137643332383462333834303839
32393866663361623933343435363964383336383466373431323935336666633730353962636130
39323134623131353435323235336536646666306261336639303036373966393332636530366134
66646439363765613065646234303963313035383632626130323532363332393033363864393531
37323137616435356239396630653830663861663165383937663364376434386631343338366638
61636664356337303739623033373330616661366433333737323136373936383063643830363039
36323662363661346466353761613735343435383564303763313339353437396632326233326336
39396430623437663463626461323035313439636330626661666466353563613038316638656232
61373138336331626131356338626564303437386664386364376334303063633235323162343866
33616661303137663233336539633139643436643539303136313731373237646336343962323138
33396431643238363661623238616532313861663939316335336366633763366265373435373261
30626665623864663932346233306437346530376261366163343437613232323039346338393061
37323739333764343038643332363463326130346435653436353064653663333237636530633435
34366531653464346635633935643934306238313739346466383739353730653964666362333466
39633766666261623666613137336663396564366634373937366632653339336661646231616235
30373062626562303531653038646436656561313933306466386134623936393964383335313031
63646561313261373738393363316364626263383532383835666136323265303163376232633034
37313463353030663139303333323731623334646662303536313938333762336535303536663532
33346234666464636434336533613931313036636338383135353235393464353631656330353066
37323734333261396266636563393839623035366438356437616530326334616265393430336134
35613831353632363534653862333138306530616366393337393332313163616164613731613266
35663561633265333665656539316330383535623261643164636437346631633531626132623134
66303634383233383133373232313931666661656536646232353965626362336461373639363435
66346334393763363862306231343831616261363662353936333033353338373039623632393232
38643639656164303234313738356532613132393134343435373066306234623736313966383761
62343736653434346564646463323661393737363463656266636639373635383161353230613736
38623032393439616263653036656361393565326366353838313739323630633635633562633331
61363731646630663433363734323163666232316166616435653338363463666636653766653263
32356435386433336236386232313163643537343233326337623338626237316563343435363939
31316639636337663030323662326463353230386566653330373234303635663334383565363361
63373464373966646330653932636562663632306338616562323465373630303362393966316461
66663064306639626539636339626534383265663565376366616234333939373161363361303535
31623264363163303361613165376636386235356432313265646461363039636166653430356166
35313938613062303435386539653661376561333966313036333863336664336635616165376333
39393336336539373063626139333563366133383636323866323333356562386161386563346364
38373333313063643465323232333631323132646134323963366264636437366563313132303665
37623636643436323965343262316532316235363263393465323031363065656135393334356165
31346134663465313665363033336233386565303731653436633239313561333533656133383633
66323066613133646461656162343938653330636666646332663738393466343736656362636131
38623634646431653863313332626463663933333636333930393732396262646130656561383765
61396237346337393039353839383135653234313239306639313837373461653866666634383737
66626462303866636164346230343130623139623063376361313633623630656637313563313730
33336438383033373236313530333532363137393566393564303933653466666163306666623637
36646166643033666534373133393839313561356633353862333065656438656530333932623235
39303733666566323736626331353963343132666464656165393236613337623939333432666432
39313732336332326135363261663935383161313266643434316538633766303932333361373535
30316165333763346562316435326132336139633662346334623436633962653630366465633538
63356233353964656638383265396534303835303266303537656465383135643436393130326634
39353537623263396131313362653264356134643433393935616165396436653632653065323135
62303633336364643439653333313933626665373037393364373864323631666134383662313930
66353431613166323037336637333432316236323462393535646332366338393833323836616139
34306638336530363836663236363836373937383135353236343536333231303134306465343531
33386636623633666533656132653138393130306338393034383930626666633361393839653431
66323336323436346164396434616135363163383961666634376337346638643963613137393466
62333764353163393637396663353338356364333930666461623664663432306238613038616136
64386363663439326365333338323033353035313331356139303734363264663030323032306532
63336534353064336639313365633537633235356332626333656463643639636565663838393038
30363765383034326439646266616262333230376132626462333663373431363236656231303431
37393061613433613832623335663365333734313161316166613730343330376332343731363431
36633165613038363661383361306464623366626536366132376236373231373864393735323863
30383630393766626334343032623866306233636234623438623632303834623734376163663932
62626166386662336237396431353138356166666137353035636264303062323361333939353130
38643164353136323037626134646665353132643835393965363363313730666634643162643163
35623664313236643636373836393237353735303461663436303861303936633665623037613066
33643339336335346638376634633262303930373963316562343938376536366534316531346339
61613732396465376666316337613032343663303961653733323639303233313839333433323432
31376131646261313232633265636638326266323264383637333434656166386239396466386335
35373261623163393739636466353237636461623839663032323331353565303434356361376564
36333131393530323233633766613232326465633766626634353061373931666531353063323961
38373861663137323730386366376664386365643734356434393661356633353036366331316261
36626135326635323464313761346336393639643163623636393037626231333436323733373264
33623431326661323063663736616534326130653339303530613563643763383735363638646636
62333564346133376565313938303563653830643534343830336364313166376334623436633332
30366130653264636165626335613266613039393339653934623266326163663337343361633038
63643265303365396132656564386665333264376563313963383935633730373132653063346639
30336462636635363361393235373639303839613466613161346261323639363931633930353337
30643964383336383033316433643833393033656166626439336330336438333834303432373731
63646434613261376437663834366534306234323633386333393363336539633362303830376430
63353363373062376638333663313131333233386164313932623966613561653734303637333831
37376635366461376236313830646338393466333037326536636666353865633937343136666464
38396630383961366138363132323137663330376632666563626265643461393837
